00000000000000000000000000000000
00000000000000000000000000000000
00000000000000000000000000000000
00000000000000000000000000000000
00000000000000000000000000000000
00000000000000000000000000000000
00000000000000002200000000000000
00000000000000002200000000000000
00000000001111111100000000000000
00000000001111111100000000000000
00000000001100000000000000000000
00000000001100000000000000000000
00000000001100000000000000000000
00000000003300000000000000000000
00000000000000000000000000000000
00000000000000000000000000000000
00000000000000000000000000000000
00000000000000000000000000000000
00000000000000000000000000000000
00000000000000000000000000000000